{"producer":{"name":"Blender","version":"2.82 (sub 7)","exporter_version":"6.3.1","file":"hunter.babylon"},
"autoClear":true,"clearColor":[0.0509,0.0509,0.0509],"gravity":[0,-9.81,0],
"materials":[{"name":"Material","id":"Material","customType":"BABYLON.PBRMaterial","backFaceCulling":true,"checkReadyOnlyOnce":false,"maxSimultaneousLights":4,"environmentIntensity":1,"albedo":[0.8,0.8,0.8],"reflectivity":[0.5,0.5,0.5],"roughness":0.4,"alpha":1,"transparencyMode":0,"alphaCutOff":0.4,"metallic":0}],
"multiMaterials":[],
"skeletons":[{"name":"Character","id":0,"dimensionsAtRest":[194.7778,220.5248,34.4541],"bones":[
{"name":"Hips","index":0,"matrix":[1,0,0,0,0,1,0,0,0,0,-1,0,0.03,112.5591,2.4077,1],"rest":[1,0,0,0,0,1,0,0,0,0,-1,0,0,112.559,0.6733,1],"parentBoneIndex":-1,"length":11.0708
,"animation":{"dataType":3,"framePerSecond":30,"keys":[
{"frame":1,"values":[0.7292,-0.0021,-0.6843,0,0.0547,0.997,0.0552,0,-0.6821,0.0777,-0.7271,0,1.8313,104.2038,2.7519,1]},
{"frame":2,"values":[0.7289,-0.0021,-0.6846,0,0.055,0.9969,0.0554,0,-0.6824,0.078,-0.7268,0,1.8455,104.2133,2.7628,1]},
{"frame":3,"values":[0.7287,-0.0021,-0.6849,0,0.0552,0.9969,0.0556,0,-0.6826,0.0783,-0.7265,0,1.8609,104.2234,2.7692,1]},
{"frame":4,"values":[0.7287,-0.0023,-0.6849,0,0.0555,0.9969,0.0558,0,-0.6826,0.0787,-0.7265,0,1.8752,104.2345,2.7678,1]},
{"frame":5,"values":[0.729,-0.0025,-0.6846,0,0.0559,0.9969,0.0559,0,-0.6823,0.079,-0.7268,0,1.8854,104.2471,2.7561,1]},
{"frame":6,"values":[0.7295,-0.0026,-0.684,0,0.0563,0.9968,0.0562,0,-0.6817,0.0795,-0.7273,0,1.8899,104.2605,2.733,1]},
{"frame":7,"values":[0.73,-0.0027,-0.6834,0,0.0567,0.9968,0.0567,0,-0.6811,0.0801,-0.7278,0,1.8895,104.2751,2.6997,1]},
{"frame":8,"values":[0.7305,-0.0026,-0.6829,0,0.0571,0.9967,0.0572,0,-0.6805,0.0808,-0.7283,0,1.8867,104.2936,2.6581,1]},
{"frame":9,"values":[0.7308,-0.0026,-0.6826,0,0.0574,0.9967,0.0577,0,-0.6802,0.0814,-0.7285,0,1.8835,104.319,2.6091,1]},
{"frame":10,"values":[0.7309,-0.0025,-0.6825,0,0.0576,0.9967,0.058,0,-0.6801,0.0817,-0.7286,0,1.8824,104.3501,2.5534,1]},
{"frame":11,"values":[0.7307,-0.0025,-0.6827,0,0.0578,0.9966,0.0582,0,-0.6802,0.082,-0.7284,0,1.8867,104.3811,2.493,1]},
{"frame":12,"values":[0.7305,-0.0025,-0.6829,0,0.058,0.9966,0.0584,0,-0.6804,0.0823,-0.7282,0,1.8986,104.4049,2.4315,1]},
{"frame":13,"values":[0.7304,-0.0024,-0.683,0,0.0583,0.9966,0.0589,0,-0.6805,0.0829,-0.728,0,1.916,104.4185,2.3724,1]},
{"frame":14,"values":[0.7306,-0.0023,-0.6828,0,0.0587,0.9965,0.0595,0,-0.6803,0.0836,-0.7282,0,1.9319,104.4266,2.3171,1]},
{"frame":15,"values":[0.7311,-0.0022,-0.6822,0,0.0592,0.9964,0.0602,0,-0.6797,0.0844,-0.7286,0,1.9397,104.438,2.2648,1]},
{"frame":16,"values":[0.7317,-0.0023,-0.6816,0,0.0597,0.9964,0.0607,0,-0.679,0.0851,-0.7292,0,1.9391,104.4602,2.2148,1]},
{"frame":17,"values":[0.732,-0.0024,-0.6813,0,0.06,0.9963,0.0609,0,-0.6786,0.0855,-0.7295,0,1.9361,104.4936,2.1676,1]},
{"frame":18,"values":[0.7318,-0.0027,-0.6815,0,0.0603,0.9963,0.0608,0,-0.6789,0.0856,-0.7293,0,1.9363,104.5319,2.1239,1]},
{"frame":19,"values":[0.7313,-0.0029,-0.6821,0,0.0605,0.9963,0.0606,0,-0.6794,0.0856,-0.7288,0,1.9403,104.567,2.0826,1]},
{"frame":20,"values":[0.7309,-0.0031,-0.6825,0,0.0607,0.9963,0.0605,0,-0.6798,0.0856,-0.7284,0,1.9448,104.5935,2.0411,1]},
{"frame":21,"values":[0.7308,-0.0031,-0.6826,0,0.0608,0.9963,0.0605,0,-0.6799,0.0857,-0.7283,0,1.9466,104.6119,1.9967,1]},
{"frame":22,"values":[0.7309,-0.0031,-0.6824,0,0.0609,0.9963,0.0607,0,-0.6797,0.0859,-0.7284,0,1.9445,104.6258,1.9476,1]},
{"frame":23,"values":[0.7312,-0.0031,-0.6821,0,0.061,0.9963,0.0609,0,-0.6794,0.0861,-0.7287,0,1.9395,104.6392,1.8948,1]},
{"frame":24,"values":[0.7315,-0.003,-0.6819,0,0.061,0.9963,0.061,0,-0.6791,0.0863,-0.7289,0,1.9331,104.6539,1.8415,1]},
{"frame":25,"values":[0.7316,-0.0029,-0.6817,0,0.061,0.9963,0.0612,0,-0.679,0.0863,-0.729,0,1.927,104.6682,1.7924,1]},
{"frame":26,"values":[0.7316,-0.0028,-0.6818,0,0.0608,0.9963,0.0612,0,-0.6791,0.0862,-0.729,0,1.9223,104.6797,1.7524,1]},
{"frame":27,"values":[0.7313,-0.0028,-0.682,0,0.0607,0.9963,0.0611,0,-0.6793,0.0861,-0.7288,0,1.9188,104.6879,1.7249,1]},
{"frame":28,"values":[0.7311,-0.0028,-0.6823,0,0.0606,0.9963,0.0608,0,-0.6796,0.0858,-0.7286,0,1.9149,104.6942,1.7104,1]},
{"frame":29,"values":[0.7309,-0.0029,-0.6825,0,0.0605,0.9963,0.0605,0,-0.6798,0.0855,-0.7284,0,1.9098,104.6988,1.7072,1]},
{"frame":30,"values":[0.7308,-0.003,-0.6826,0,0.0604,0.9964,0.0602,0,-0.68,0.0852,-0.7283,0,1.9041,104.6982,1.7134,1]},
{"frame":31,"values":[0.7307,-0.0031,-0.6827,0,0.0603,0.9964,0.06,0,-0.6801,0.085,-0.7282,0,1.8998,104.6877,1.7288,1]},
{"frame":32,"values":[0.7307,-0.0031,-0.6827,0,0.0602,0.9964,0.0599,0,-0.6801,0.0849,-0.7282,0,1.8975,104.6649,1.7531,1]},
{"frame":33,"values":[0.7308,-0.0032,-0.6826,0,0.0603,0.9964,0.0599,0,-0.6799,0.0849,-0.7284,0,1.8955,104.6346,1.7852,1]},
{"frame":34,"values":[0.7311,-0.0032,-0.6822,0,0.0603,0.9964,0.06,0,-0.6796,0.085,-0.7287,0,1.8913,104.6067,1.8228,1]},
{"frame":35,"values":[0.7314,-0.0033,-0.6819,0,0.0604,0.9964,0.0599,0,-0.6792,0.085,-0.729,0,1.8836,104.5901,1.8629,1]},
{"frame":36,"values":[0.7315,-0.0034,-0.6818,0,0.0603,0.9964,0.0597,0,-0.6792,0.0848,-0.7291,0,1.8748,104.5867,1.9042,1]},
{"frame":37,"values":[0.7313,-0.0033,-0.6821,0,0.0599,0.9964,0.0594,0,-0.6794,0.0843,-0.7289,0,1.8685,104.5881,1.9474,1]},
{"frame":38,"values":[0.7309,-0.0033,-0.6825,0,0.0596,0.9965,0.059,0,-0.6799,0.0838,-0.7285,0,1.8671,104.5814,1.9934,1]},
{"frame":39,"values":[0.7306,-0.0032,-0.6828,0,0.0594,0.9965,0.0588,0,-0.6802,0.0835,-0.7282,0,1.868,104.5587,2.0415,1]},
{"frame":40,"values":[0.7306,-0.0032,-0.6828,0,0.0592,0.9965,0.0587,0,-0.6802,0.0834,-0.7283,0,1.8666,104.5231,2.0879,1]},
{"frame":41,"values":[0.7309,-0.0031,-0.6825,0,0.0591,0.9965,0.0588,0,-0.68,0.0833,-0.7285,0,1.8605,104.4854,2.1296,1]},
{"frame":42,"values":[0.7311,-0.003,-0.6823,0,0.0589,0.9965,0.0588,0,-0.6798,0.0832,-0.7287,0,1.8505,104.4563,2.1661,1]},
{"frame":43,"values":[0.731,-0.0029,-0.6824,0,0.0587,0.9966,0.0587,0,-0.6799,0.0829,-0.7286,0,1.8396,104.4389,2.2005,1]},
{"frame":44,"values":[0.7306,-0.0027,-0.6828,0,0.0583,0.9966,0.0585,0,-0.6803,0.0825,-0.7283,0,1.8299,104.4283,2.2376,1]},
{"frame":45,"values":[0.7301,-0.0026,-0.6833,0,0.058,0.9966,0.0582,0,-0.6809,0.0821,-0.7278,0,1.8226,104.4163,2.2812,1]},
{"frame":46,"values":[0.7297,-0.0025,-0.6838,0,0.0578,0.9966,0.058,0,-0.6813,0.0818,-0.7274,0,1.8175,104.3977,2.3328,1]},
{"frame":47,"values":[0.7295,-0.0025,-0.684,0,0.0575,0.9967,0.0578,0,-0.6816,0.0815,-0.7272,0,1.8138,104.3728,2.3904,1]},
{"frame":48,"values":[0.7295,-0.0025,-0.684,0,0.0573,0.9967,0.0575,0,-0.6816,0.0812,-0.7272,0,1.8099,104.3463,2.4501,1]},
{"frame":49,"values":[0.7296,-0.0024,-0.6839,0,0.0571,0.9967,0.0573,0,-0.6815,0.0808,-0.7274,0,1.8052,104.3231,2.5079,1]},
{"frame":50,"values":[0.7298,-0.0024,-0.6836,0,0.0568,0.9968,0.0571,0,-0.6813,0.0805,-0.7276,0,1.8013,104.3053,2.5605,1]},
{"frame":51,"values":[0.73,-0.0023,-0.6835,0,0.0564,0.9968,0.0569,0,-0.6812,0.0801,-0.7277,0,1.8008,104.2912,2.6048,1]},
{"frame":52,"values":[0.7299,-0.0021,-0.6835,0,0.0561,0.9968,0.0567,0,-0.6812,0.0797,-0.7277,0,1.8051,104.2771,2.639,1]},
{"frame":53,"values":[0.7297,-0.0021,-0.6838,0,0.0558,0.9968,0.0565,0,-0.6815,0.0794,-0.7275,0,1.8128,104.2611,2.6627,1]},
{"frame":54,"values":[0.7294,-0.0021,-0.6841,0,0.0557,0.9969,0.0563,0,-0.6818,0.0792,-0.7272,0,1.821,104.2446,2.6787,1]},
{"frame":55,"values":[0.7291,-0.0021,-0.6844,0,0.0556,0.9969,0.0562,0,-0.6821,0.079,-0.7269,0,1.8271,104.23,2.6908,1]},
{"frame":56,"values":[0.7289,-0.0021,-0.6846,0,0.0555,0.9969,0.056,0,-0.6823,0.0788,-0.7268,0,1.8298,104.2191,2.7027,1]},
{"frame":57,"values":[0.7289,-0.0021,-0.6846,0,0.0553,0.9969,0.0558,0,-0.6823,0.0786,-0.7268,0,1.8299,104.212,2.7159,1]},
{"frame":58,"values":[0.7291,-0.0021,-0.6844,0,0.0551,0.9969,0.0556,0,-0.6822,0.0782,-0.7269,0,1.8291,104.2079,2.7303,1]},
{"frame":59,"values":[0.7292,-0.0021,-0.6843,0,0.0548,0.997,0.0554,0,-0.6821,0.0779,-0.7271,0,1.8301,104.2052,2.745,1]},
{"frame":60,"values":[0.7292,-0.0021,-0.6843,0,0.0547,0.997,0.0552,0,-0.6822,0.0777,-0.7271,0,1.8314,104.204,2.752,1]},
{"frame":71,"values":[0.4677,0.0282,-0.8835,0,-0.0828,0.9965,-0.012,0,-0.88,-0.0788,-0.4684,0,3.8198,101.8434,1.8635,1]},
{"frame":72,"values":[0.4941,0.0103,-0.8693,0,-0.0888,0.9953,-0.0386,0,-0.8648,-0.0963,-0.4927,0,4.163,101.4382,1.8984,1]},
{"frame":73,"values":[0.5594,-0.0081,-0.8288,0,-0.0908,0.9933,-0.071,0,-0.8239,-0.1149,-0.555,0,4.5366,100.2968,1.5042,1]},
{"frame":74,"values":[0.6411,-0.0225,-0.7671,0,-0.0857,0.9912,-0.1007,0,-0.7627,-0.1303,-0.6335,0,4.7706,98.7973,0.7514,1]},
{"frame":75,"values":[0.7189,-0.0287,-0.6945,0,-0.0748,0.9902,-0.1183,0,-0.6911,-0.137,-0.7097,0,4.6896,97.3868,-0.8228,1]},
{"frame":76,"values":[0.7825,-0.0243,-0.6222,0,-0.0559,0.9925,-0.109,0,-0.6202,-0.1201,-0.7752,0,4.2033,96.3015,-3.4451,1]},
{"frame":77,"values":[0.843,-0.0149,-0.5377,0,-0.0288,0.9969,-0.0727,0,-0.5372,-0.0768,-0.84,0,3.7207,95.8406,-6.4339,1]},
{"frame":78,"values":[0.9008,0.0034,-0.4342,0,-0.0157,0.9996,-0.0247,0,-0.434,-0.0291,-0.9005,0,3.4484,96.2416,-9.7281,1]},
{"frame":79,"values":[0.9425,0.0211,-0.3336,0,-0.0118,0.9995,0.03,0,-0.3341,0.0244,-0.9422,0,3.3421,97.2868,-12.5,1]},
{"frame":80,"values":[0.9694,0.02,-0.2447,0,0.0013,0.9962,0.0866,0,-0.2455,0.0843,-0.9657,0,3.3534,98.6035,-15.0657,1]},
{"frame":81,"values":[0.9821,0,-0.1881,0,0.0274,0.9893,0.1431,0,-0.1861,0.1457,-0.9717,0,3.2418,99.8075,-17.1131,1]},
{"frame":82,"values":[0.9886,-0.02,-0.1492,0,0.0543,0.9717,0.2297,0,-0.1404,0.2352,-0.9618,0,2.8401,100.6079,-19.3821,1]},
{"frame":83,"values":[0.989,-0.0413,-0.142,0,0.0894,0.9321,0.351,0,-0.1178,0.3598,-0.9256,0,2.358,101.323,-22.3394,1]},
{"frame":84,"values":[0.9875,-0.0603,-0.1453,0,0.1243,0.8653,0.4855,0,-0.0965,0.4975,-0.8621,0,1.8231,102.2834,-26.2113,1]},
{"frame":85,"values":[0.9862,-0.086,-0.1415,0,0.1538,0.7925,0.5901,0,-0.0613,0.6037,-0.7948,0,0.8853,103.635,-31.0461,1]},
{"frame":86,"values":[0.9864,-0.124,-0.1083,0,0.1646,0.7529,0.6372,0,-0.0025,0.6463,-0.763,0,-0.0292,105.0007,-35.8292,1]},
{"frame":87,"values":[0.9865,-0.141,-0.0835,0,0.1605,0.7295,0.6649,0,0.0329,0.6693,-0.7423,0,-0.7588,106.5542,-40.218,1]},
{"frame":88,"values":[0.9881,-0.1497,-0.0358,0,0.131,0.6957,0.7063,0,0.0808,0.7026,-0.707,0,-1.5479,108.3077,-48.5455,1]},
{"frame":89,"values":[0.9846,-0.162,0.0659,0,0.0591,0.6629,0.7463,0,0.1645,0.7309,-0.6623,0,-2.5353,109.0508,-51.3678,1]},
{"frame":90,"values":[0.9774,-0.1901,0.0922,0,0.0469,0.6209,0.7825,0,0.206,0.7605,-0.6158,0,-2.89,108.282,-51.951,1]},
{"frame":91,"values":[0.9732,-0.2182,0.072,0,0.0763,0.6024,0.7945,0,0.2168,0.7678,-0.603,0,-2.7448,107.2423,-51.7722,1]},
{"frame":92,"values":[0.9732,-0.2149,0.0822,0,0.0723,0.6247,0.7775,0,0.2185,0.7507,-0.6234,0,-2.7081,106.4797,-49.9302,1]},
{"frame":93,"values":[0.978,-0.1829,0.1004,0,0.0487,0.6683,0.7423,0,0.2028,0.721,-0.6625,0,-2.6154,105.1749,-46.6781,1]},
{"frame":94,"values":[0.9882,-0.1319,0.0784,0,0.0381,0.7057,0.7075,0,0.1487,0.6961,-0.7024,0,-2.2896,103.7484,-43.3029,1]},
{"frame":95,"values":[0.9959,-0.0869,0.0267,0,0.0462,0.7365,0.6749,0,0.0783,0.6708,-0.7374,0,-1.6939,103.01,-40.1001,1]},
{"frame":96,"values":[0.9976,-0.0628,-0.0286,0,0.0672,0.7898,0.6097,0,0.0157,0.6101,-0.7921,0,-0.9637,102.2219,-36.6219,1]},
{"frame":97,"values":[0.9955,-0.0247,-0.092,0,0.0693,0.8507,0.5211,0,-0.0654,0.5251,-0.8486,0,-0.0148,101.5878,-32.806,1]},
{"frame":98,"values":[0.9792,0.0305,-0.2005,0,0.0558,0.9101,0.4106,0,-0.195,0.4133,-0.8895,0,1.1474,101.6013,-28.9702,1]},
{"frame":99,"values":[0.9444,0.0643,-0.3224,0,0.0309,0.959,0.2818,0,-0.3273,0.276,-0.9037,0,2.1757,102.1907,-25.2908,1]},
{"frame":100,"values":[0.8967,0.0723,-0.4367,0,-0.0051,0.9882,0.1532,0,-0.4426,0.1352,-0.8865,0,2.7509,103.2362,-22.5526,1]},
{"frame":101,"values":[0.8448,0.0567,-0.5321,0,-0.0328,0.998,0.0542,0,-0.5341,0.0283,-0.8449,0,2.9533,104.0733,-20.9705,1]},
{"frame":102,"values":[0.7764,0.03,-0.6295,0,-0.0434,0.999,-0.0059,0,-0.6287,-0.0319,-0.777,0,3.2219,103.976,-19.8584,1]},
{"frame":103,"values":[0.6931,0.0135,-0.7207,0,-0.0528,0.9981,-0.0321,0,-0.7189,-0.0603,-0.6925,0,3.3355,102.874,-18.9553,1]},
{"frame":104,"values":[0.5888,0.0088,-0.8083,0,-0.0731,0.9964,-0.0424,0,-0.805,-0.084,-0.5873,0,3.332,101.0648,-17.5169,1]},
{"frame":105,"values":[0.4673,0.0063,-0.8841,0,-0.0969,0.9943,-0.0441,0,-0.8788,-0.1063,-0.4653,0,3.4783,98.3859,-15.1006,1]},
{"frame":106,"values":[0.3433,0.0002,-0.9392,0,-0.1176,0.9921,-0.0428,0,-0.9318,-0.1252,-0.3406,0,3.7501,95.7581,-12.2588,1]},
{"frame":107,"values":[0.2742,0.0023,-0.9617,0,-0.1319,0.9906,-0.0353,0,-0.9526,-0.1365,-0.272,0,4.2388,93.6054,-9.3087,1]},
{"frame":108,"values":[0.2861,0.0111,-0.9581,0,-0.1341,0.9906,-0.0285,0,-0.9488,-0.1367,-0.2849,0,4.4244,91.9465,-6.6472,1]},
{"frame":109,"values":[0.3169,0.0182,-0.9483,0,-0.1306,0.9911,-0.0246,0,-0.9394,-0.1316,-0.3165,0,4.1289,92.908,-3.9574,1]},
{"frame":110,"values":[0.3558,0.0244,-0.9342,0,-0.1246,0.992,-0.0215,0,-0.9262,-0.1241,-0.356,0,3.8849,94.8264,-1.9742,1]},
{"frame":111,"values":[0.3961,0.0283,-0.9177,0,-0.1163,0.993,-0.0195,0,-0.9108,-0.1144,-0.3967,0,3.7204,97.1712,-0.4195,1]},
{"frame":112,"values":[0.432,0.034,-0.9012,0,-0.1055,0.9943,-0.0131,0,-0.8957,-0.1007,-0.4331,0,3.6268,99.4488,0.6807,1]},
{"frame":113,"values":[0.4579,0.029,-0.8885,0,-0.0861,0.9962,-0.0119,0,-0.8848,-0.0819,-0.4587,0,3.7145,101.1574,1.338,1]},
{"frame":114,"values":[0.4677,0.0282,-0.8835,0,-0.0828,0.9965,-0.012,0,-0.88,-0.0788,-0.4684,0,3.8198,101.8434,1.8635,1]},
{"frame":121,"values":[0.9948,-0.102,0.0026,0,0.1005,0.9755,-0.1959,0,-0.0175,-0.1951,-0.9806,0,0.3115,98.1519,3.1008,1]},
{"frame":122,"values":[0.999,-0.0396,-0.0219,0,0.0355,0.9856,-0.165,0,-0.0282,-0.1641,-0.986,0,0.5746,98.763,2.6068,1]},
{"frame":123,"values":[0.9981,0.049,-0.0385,0,-0.0549,0.9835,-0.1725,0,-0.0294,-0.1743,-0.9843,0,0.4654,101.3195,1.7877,1]},
{"frame":124,"values":[0.9857,0.1644,-0.0365,0,-0.1683,0.9697,-0.1773,0,-0.0063,-0.181,-0.9835,0,0.1812,103.6208,1.3574,1]},
{"frame":125,"values":[0.9811,0.1932,-0.0081,0,-0.1913,0.9633,-0.1881,0,0.0285,-0.1861,-0.9821,0,-0.0161,105.9906,1.369,1]},
{"frame":126,"values":[0.9893,0.1454,0.009,0,-0.1409,0.9707,-0.1949,0,0.0371,-0.1915,-0.9808,0,-0.1066,107.0308,1.8004,1]},
{"frame":127,"values":[0.9946,0.1024,0.0165,0,-0.0986,0.9827,-0.1566,0,0.0323,-0.1541,-0.9875,0,-0.1179,107.0166,2.8442,1]},
{"frame":128,"values":[0.9968,0.0509,0.0618,0,-0.0421,0.9897,-0.1368,0,0.0682,-0.1338,-0.9887,0,-0.1253,105.5189,3.2489,1]},
{"frame":129,"values":[0.9956,0.0366,0.0867,0,-0.0239,0.9893,-0.1436,0,0.0911,-0.1409,-0.9858,0,-0.2511,102.5269,3.1701,1]},
{"frame":130,"values":[0.9958,0.0438,0.0799,0,-0.0291,0.9839,-0.1765,0,0.0863,-0.1735,-0.981,0,-0.5108,100.2738,2.8004,1]},
{"frame":131,"values":[0.9969,0.0474,0.0633,0,-0.0348,0.9819,-0.1864,0,0.071,-0.1836,-0.9804,0,-1.3255,98.0711,2.5676,1]},
{"frame":132,"values":[0.9972,-0.0026,0.0743,0,0.0161,0.9832,-0.1816,0,0.0725,-0.1823,-0.9806,0,-2.2089,98.0836,2.3386,1]},
{"frame":133,"values":[0.994,-0.0546,0.0952,0,0.0712,0.9808,-0.1817,0,0.0835,-0.1874,-0.9787,0,-2.1762,100.3329,1.9409,1]},
{"frame":134,"values":[0.9938,-0.0949,0.0575,0,0.1038,0.978,-0.1807,0,0.0391,-0.1855,-0.9819,0,-1.747,103.5352,1.7187,1]},
{"frame":135,"values":[0.9922,-0.1214,0.0297,0,0.1247,0.9761,-0.1779,0,0.0074,-0.1802,-0.9836,0,-1.0753,105.8433,1.9248,1]},
{"frame":136,"values":[0.9978,-0.0586,0.0295,0,0.0627,0.9843,-0.1647,0,0.0194,-0.1662,-0.9859,0,-1.0854,107.2372,2.3815,1]},
{"frame":137,"values":[0.9985,0.0523,0.0133,0,-0.0499,0.9887,-0.1412,0,0.0205,-0.1403,-0.9899,0,-1.4021,107.6254,2.8396,1]},
{"frame":138,"values":[0.9987,0.0512,-0.0003,0,-0.0509,0.9916,-0.1185,0,0.0058,-0.1184,-0.9929,0,-1.4178,106.773,3.5808,1]},
{"frame":139,"values":[0.9995,0.0106,-0.0293,0,-0.0138,0.9934,-0.1138,0,-0.0279,-0.1142,-0.9931,0,-1.0601,104.9006,3.8632,1]},
{"frame":140,"values":[0.9981,-0.0561,-0.0264,0,0.0523,0.9904,-0.1281,0,-0.0334,-0.1264,-0.9914,0,-0.3479,102.1183,3.8239,1]},
{"frame":141,"values":[0.9952,-0.098,0.0002,0,0.0966,0.9806,-0.1703,0,-0.0165,-0.1695,-0.9854,0,-0.0447,99.5902,3.5545,1]},
{"frame":142,"values":[0.9948,-0.102,0.0026,0,0.1005,0.9755,-0.1959,0,-0.0175,-0.1951,-0.9806,0,0.3115,98.1519,3.1008,1]},
{"frame":151,"values":[1,0,0,0,0,1,0,0,0,0,-1,0,0.03,112.5591,2.4077,1]},
{"frame":152,"values":[1,0,0,0,0,1,0,0,0,0,-1,0,0.03,112.5591,2.4077,1]}],"loopBehavior":1,"name":"anim","property":"_matrix"}},
{"name":"Spine","index":1,"matrix":[1,0,0,0,0,1,0,0,0,0,1,0,-0.1407,10.0911,-0.9671,1],"rest":[1,0,0,0,0,1,0,0,0,0,1,0,-0.1407,10.0911,-0.9671,1],"parentBoneIndex":0,"length":11.828
,"animation":{"dataType":3,"framePerSecond":30,"keys":[
{"frame":1,"values":[0.9966,-0.0088,-0.0823,0,0.017,0.9948,0.1,0,0.081,-0.1011,0.9916,0,-0.1407,10.0911,-0.9671,1]},
{"frame":2,"values":[0.9966,-0.0088,-0.0823,0,0.017,0.9948,0.1,0,0.081,-0.101,0.9916,0,-0.1407,10.0911,-0.9671,1]},
{"frame":3,"values":[0.9966,-0.0088,-0.0823,0,0.017,0.9949,0.0999,0,0.081,-0.1009,0.9916,0,-0.1407,10.0911,-0.9671,1]},
{"frame":4,"values":[0.9966,-0.0087,-0.0822,0,0.0169,0.9949,0.0997,0,0.0809,-0.1008,0.9916,0,-0.1407,10.0911,-0.9671,1]},
{"frame":5,"values":[0.9966,-0.0086,-0.0821,0,0.0168,0.9949,0.0995,0,0.0808,-0.1005,0.9916,0,-0.1407,10.091,-0.9671,1]},
{"frame":6,"values":[0.9966,-0.0085,-0.0818,0,0.0166,0.9949,0.0992,0,0.0805,-0.1002,0.9917,0,-0.1407,10.0911,-0.9671,1]},
{"frame":7,"values":[0.9966,-0.0084,-0.0815,0,0.0165,0.995,0.0989,0,0.0803,-0.0999,0.9918,0,-0.1407,10.091,-0.9671,1]},
{"frame":8,"values":[0.9967,-0.0083,-0.0813,0,0.0163,0.995,0.0986,0,0.0801,-0.0996,0.9918,0,-0.1407,10.0911,-0.9671,1]},
{"frame":9,"values":[0.9967,-0.0082,-0.0813,0,0.0162,0.995,0.0981,0,0.0801,-0.0991,0.9918,0,-0.1407,10.0911,-0.9671,1]},
{"frame":10,"values":[0.9967,-0.0081,-0.0813,0,0.0161,0.9951,0.0977,0,0.0801,-0.0986,0.9919,0,-0.1407,10.0911,-0.9671,1]},
{"frame":11,"values":[0.9966,-0.008,-0.0814,0,0.016,0.9951,0.0971,0,0.0802,-0.0981,0.9919,0,-0.1407,10.0911,-0.9671,1]},
{"frame":12,"values":[0.9966,-0.008,-0.0815,0,0.0159,0.9952,0.0967,0,0.0804,-0.0976,0.992,0,-0.1407,10.0911,-0.9671,1]},
{"frame":13,"values":[0.9966,-0.0078,-0.0816,0,0.0157,0.9952,0.0962,0,0.0804,-0.0972,0.992,0,-0.1407,10.0911,-0.9671,1]},
{"frame":14,"values":[0.9966,-0.0077,-0.0815,0,0.0155,0.9953,0.0958,0,0.0804,-0.0968,0.9921,0,-0.1407,10.091,-0.9671,1]},
{"frame":15,"values":[0.9967,-0.0076,-0.0813,0,0.0153,0.9953,0.0954,0,0.0802,-0.0964,0.9921,0,-0.1407,10.0911,-0.9671,1]},
{"frame":16,"values":[0.9967,-0.0074,-0.0812,0,0.0151,0.9954,0.095,0,0.0801,-0.0959,0.9922,0,-0.1407,10.0911,-0.9671,1]},
{"frame":17,"values":[0.9967,-0.0073,-0.0811,0,0.0149,0.9954,0.0945,0,0.08,-0.0954,0.9922,0,-0.1407,10.0911,-0.9671,1]},
{"frame":18,"values":[0.9967,-0.0072,-0.0811,0,0.0148,0.9955,0.0941,0,0.0801,-0.0949,0.9923,0,-0.1407,10.091,-0.9671,1]},
{"frame":19,"values":[0.9967,-0.0071,-0.0812,0,0.0147,0.9955,0.0936,0,0.0802,-0.0945,0.9923,0,-0.1407,10.0911,-0.9671,1]},
{"frame":20,"values":[0.9967,-0.007,-0.0813,0,0.0146,0.9955,0.0932,0,0.0803,-0.0941,0.9923,0,-0.1407,10.0911,-0.9671,1]},
{"frame":21,"values":[0.9967,-0.0069,-0.0813,0,0.0145,0.9956,0.0929,0,0.0803,-0.0937,0.9924,0,-0.1407,10.0911,-0.9671,1]},
{"frame":22,"values":[0.9967,-0.0068,-0.0812,0,0.0144,0.9956,0.0926,0,0.0802,-0.0934,0.9924,0,-0.1407,10.0911,-0.9671,1]},
{"frame":23,"values":[0.9967,-0.0068,-0.0811,0,0.0143,0.9956,0.0922,0,0.0802,-0.0931,0.9924,0,-0.1407,10.0911,-0.9671,1]},
{"frame":24,"values":[0.9967,-0.0067,-0.0811,0,0.0142,0.9957,0.0919,0,0.0801,-0.0928,0.9925,0,-0.1407,10.0911,-0.9671,1]},
{"frame":25,"values":[0.9967,-0.0067,-0.0811,0,0.0141,0.9957,0.0917,0,0.0802,-0.0925,0.9925,0,-0.1407,10.0911,-0.9671,1]},
{"frame":26,"values":[0.9967,-0.0067,-0.0811,0,0.0141,0.9957,0.0915,0,0.0802,-0.0924,0.9925,0,-0.1407,10.091,-0.9671,1]},
{"frame":27,"values":[0.9967,-0.0067,-0.0812,0,0.0141,0.9957,0.0915,0,0.0802,-0.0923,0.9925,0,-0.1407,10.0911,-0.9671,1]},
{"frame":28,"values":[0.9967,-0.0067,-0.0812,0,0.0142,0.9957,0.0915,0,0.0803,-0.0924,0.9925,0,-0.1407,10.0911,-0.9671,1]},
{"frame":29,"values":[0.9967,-0.0068,-0.0813,0,0.0143,0.9957,0.0917,0,0.0803,-0.0926,0.9925,0,-0.1407,10.0911,-0.9671,1]},
{"frame":30,"values":[0.9967,-0.0069,-0.0813,0,0.0144,0.9957,0.092,0,0.0803,-0.0929,0.9924,0,-0.1407,10.0911,-0.9671,1]},
{"frame":31,"values":[0.9967,-0.0069,-0.0814,0,0.0145,0.9956,0.0923,0,0.0804,-0.0931,0.9924,0,-0.1407,10.0911,-0.9671,1]},
{"frame":32,"values":[0.9967,-0.007,-0.0814,0,0.0146,0.9956,0.0926,0,0.0804,-0.0935,0.9924,0,-0.1407,10.0911,-0.9671,1]},
{"frame":33,"values":[0.9967,-0.007,-0.0814,0,0.0146,0.9956,0.093,0,0.0803,-0.0939,0.9923,0,-0.1407,10.091,-0.9671,1]},
{"frame":34,"values":[0.9967,-0.0071,-0.0813,0,0.0147,0.9955,0.0934,0,0.0803,-0.0943,0.9923,0,-0.1407,10.0911,-0.9671,1]},
{"frame":35,"values":[0.9967,-0.0071,-0.0813,0,0.0148,0.9955,0.0938,0,0.0802,-0.0947,0.9923,0,-0.1407,10.0911,-0.9671,1]},
{"frame":36,"values":[0.9967,-0.0072,-0.0813,0,0.0149,0.9954,0.0942,0,0.0803,-0.0951,0.9922,0,-0.1407,10.0911,-0.9671,1]},
{"frame":37,"values":[0.9967,-0.0073,-0.0814,0,0.015,0.9954,0.0945,0,0.0803,-0.0954,0.9922,0,-0.1407,10.0911,-0.9671,1]},
{"frame":38,"values":[0.9966,-0.0074,-0.0815,0,0.0151,0.9954,0.0948,0,0.0804,-0.0957,0.9922,0,-0.1407,10.091,-0.9671,1]},
{"frame":39,"values":[0.9966,-0.0075,-0.0815,0,0.0153,0.9953,0.0952,0,0.0804,-0.0961,0.9921,0,-0.1407,10.0911,-0.9671,1]},
{"frame":40,"values":[0.9966,-0.0075,-0.0815,0,0.0153,0.9953,0.0956,0,0.0804,-0.0965,0.9921,0,-0.1407,10.0911,-0.9671,1]},
{"frame":41,"values":[0.9966,-0.0075,-0.0814,0,0.0154,0.9953,0.0959,0,0.0803,-0.0968,0.9921,0,-0.1407,10.0911,-0.9671,1]},
{"frame":42,"values":[0.9966,-0.0076,-0.0814,0,0.0155,0.9952,0.0962,0,0.0803,-0.0971,0.992,0,-0.1407,10.0911,-0.9671,1]},
{"frame":43,"values":[0.9966,-0.0077,-0.0815,0,0.0156,0.9952,0.0965,0,0.0804,-0.0974,0.992,0,-0.1407,10.0911,-0.9671,1]},
{"frame":44,"values":[0.9966,-0.0078,-0.0816,0,0.0157,0.9952,0.0967,0,0.0805,-0.0977,0.992,0,-0.1407,10.0911,-0.9671,1]},
{"frame":45,"values":[0.9966,-0.0079,-0.0818,0,0.0159,0.9952,0.097,0,0.0806,-0.098,0.9919,0,-0.1407,10.0911,-0.9671,1]},
{"frame":46,"values":[0.9966,-0.0081,-0.0819,0,0.016,0.9951,0.0973,0,0.0807,-0.0983,0.9919,0,-0.1407,10.0911,-0.9671,1]},
{"frame":47,"values":[0.9966,-0.0082,-0.082,0,0.0162,0.9951,0.0976,0,0.0808,-0.0986,0.9918,0,-0.1407,10.0911,-0.9671,1]},
{"frame":48,"values":[0.9966,-0.0082,-0.082,0,0.0163,0.9951,0.0979,0,0.0808,-0.0989,0.9918,0,-0.1407,10.091,-0.9671,1]},
{"frame":49,"values":[0.9966,-0.0083,-0.0821,0,0.0164,0.995,0.0982,0,0.0808,-0.0992,0.9918,0,-0.1407,10.091,-0.9671,1]},
{"frame":50,"values":[0.9966,-0.0084,-0.0821,0,0.0165,0.995,0.0985,0,0.0808,-0.0995,0.9917,0,-0.1407,10.0911,-0.9671,1]},
{"frame":51,"values":[0.9966,-0.0085,-0.0821,0,0.0166,0.995,0.0988,0,0.0808,-0.0998,0.9917,0,-0.1407,10.0911,-0.9671,1]},
{"frame":52,"values":[0.9966,-0.0085,-0.0821,0,0.0167,0.9949,0.099,0,0.0809,-0.1001,0.9917,0,-0.1407,10.091,-0.9671,1]},
{"frame":53,"values":[0.9966,-0.0085,-0.0822,0,0.0167,0.9949,0.0992,0,0.0809,-0.1003,0.9917,0,-0.1407,10.0911,-0.9671,1]},
{"frame":54,"values":[0.9966,-0.0085,-0.0822,0,0.0167,0.9949,0.0994,0,0.081,-0.1005,0.9916,0,-0.1407,10.0911,-0.9671,1]},
{"frame":55,"values":[0.9966,-0.0085,-0.0823,0,0.0168,0.9949,0.0996,0,0.081,-0.1006,0.9916,0,-0.1407,10.0911,-0.9671,1]},
{"frame":56,"values":[0.9966,-0.0086,-0.0823,0,0.0168,0.9949,0.0997,0,0.081,-0.1008,0.9916,0,-0.1407,10.0911,-0.9671,1]},
{"frame":57,"values":[0.9966,-0.0086,-0.0823,0,0.0168,0.9949,0.0999,0,0.081,-0.1009,0.9916,0,-0.1407,10.0911,-0.9671,1]},
{"frame":58,"values":[0.9966,-0.0086,-0.0823,0,0.0169,0.9948,0.1,0,0.081,-0.101,0.9916,0,-0.1407,10.0911,-0.9671,1]},
{"frame":59,"values":[0.9966,-0.0087,-0.0823,0,0.0169,0.9948,0.1001,0,0.081,-0.1011,0.9916,0,-0.1407,10.0911,-0.9671,1]},
{"frame":60,"values":[0.9966,-0.0087,-0.0823,0,0.0169,0.9948,0.1001,0,0.081,-0.1011,0.9916,0,-0.1407,10.0911,-0.9671,1]},
{"frame":71,"values":[0.9973,-0.0716,-0.0144,0,0.0729,0.9629,0.2596,0,-0.0047,-0.26,0.9656,0,-0.1407,10.0911,-0.9671,1]},
{"frame":72,"values":[0.9977,-0.0618,-0.0291,0,0.0672,0.9646,0.2549,0,0.0123,-0.2563,0.9665,0,-0.1407,10.0911,-0.9671,1]},
{"frame":73,"values":[0.9969,-0.0394,-0.0679,0,0.0546,0.9692,0.2403,0,0.0563,-0.2433,0.9683,0,-0.1407,10.0911,-0.9671,1]},
{"frame":74,"values":[0.9924,-0.014,-0.1223,0,0.0403,0.9757,0.2152,0,0.1163,-0.2185,0.9689,0,-0.1407,10.0911,-0.9671,1]},
{"frame":75,"values":[0.9832,0.0076,-0.1823,0,0.0236,0.9854,0.1687,0,0.1809,-0.1702,0.9687,0,-0.1407,10.0911,-0.9671,1]},
{"frame":76,"values":[0.9707,0.0257,-0.2389,0,0.0051,0.9918,0.1276,0,0.2402,-0.1251,0.9626,0,-0.1407,10.0911,-0.9671,1]},
{"frame":77,"values":[0.9586,0.0442,-0.2813,0,-0.0152,0.9944,0.1043,0,0.2844,-0.0957,0.9539,0,-0.1407,10.091,-0.9671,1]},
{"frame":78,"values":[0.9558,0.0653,-0.2866,0,-0.036,0.9937,0.1064,0,0.2917,-0.0914,0.9521,0,-0.1407,10.0911,-0.9671,1]},
{"frame":79,"values":[0.9684,0.0928,-0.2314,0,-0.0581,0.9866,0.1521,0,0.2424,-0.1339,0.9609,0,-0.1407,10.0911,-0.9671,1]},
{"frame":80,"values":[0.9805,0.1125,-0.1611,0,-0.0783,0.9756,0.2049,0,0.1802,-0.1883,0.9654,0,-0.1407,10.0911,-0.9671,1]},
{"frame":81,"values":[0.9849,0.1273,-0.1171,0,-0.0954,0.9645,0.2462,0,0.1443,-0.2313,0.9621,0,-0.1407,10.0911,-0.9671,1]},
{"frame":82,"values":[0.9876,0.1402,-0.0711,0,-0.1136,0.9493,0.2931,0,0.1086,-0.2814,0.9534,0,-0.1407,10.0911,-0.9671,1]},
{"frame":83,"values":[0.989,0.1447,-0.0297,0,-0.1239,0.922,0.3668,0,0.0805,-0.3591,0.9298,0,-0.1407,10.0911,-0.9671,1]},
{"frame":84,"values":[0.9888,0.1492,0.0058,0,-0.1375,0.8947,0.425,0,0.0582,-0.421,0.9052,0,-0.1407,10.0911,-0.9671,1]},
{"frame":85,"values":[0.9883,0.1463,0.0435,0,-0.1512,0.9,0.4089,0,0.0207,-0.4107,0.9115,0,-0.1407,10.0911,-0.9671,1]},
{"frame":86,"values":[0.9883,0.1235,0.0896,0,-0.1437,0.9506,0.275,0,-0.0512,-0.2846,0.9573,0,-0.1407,10.091,-0.9672,1]},
{"frame":87,"values":[0.9881,0.1018,0.1157,0,-0.1122,0.9898,0.0876,0,-0.1056,-0.0996,0.9894,0,-0.1407,10.0911,-0.9671,1]},
{"frame":88,"values":[0.9876,0.0742,0.1382,0,-0.0686,0.9966,-0.0446,0,-0.141,0.0346,0.9894,0,-0.1407,10.0911,-0.9671,1]},
{"frame":89,"values":[0.9894,0.0159,0.1441,0,-0.0076,0.9983,-0.0584,0,-0.1448,0.0567,0.9878,0,-0.1407,10.0911,-0.9671,1]},
{"frame":90,"values":[0.9929,-0.0043,0.1191,0,0.0078,0.9996,-0.0286,0,-0.119,0.0293,0.9925,0,-0.1407,10.0911,-0.9671,1]},
{"frame":91,"values":[0.9949,0.0401,0.0927,0,-0.0398,0.9992,-0.0044,0,-0.0928,0.0007,0.9957,0,-0.1407,10.0911,-0.9671,1]},
{"frame":92,"values":[0.9928,0.0274,0.1167,0,-0.0261,0.9996,-0.0127,0,-0.117,0.0096,0.9931,0,-0.1407,10.091,-0.9671,1]},
{"frame":93,"values":[0.9904,0.0154,0.1372,0,-0.0132,0.9998,-0.0171,0,-0.1375,0.0152,0.9904,0,-0.1407,10.0911,-0.9672,1]},
{"frame":94,"values":[0.991,0.023,0.1319,0,-0.0245,0.9997,0.0096,0,-0.1316,-0.0127,0.9912,0,-0.1407,10.0911,-0.9671,1]},
{"frame":95,"values":[0.9872,0.0357,0.1554,0,-0.0434,0.998,0.0464,0,-0.1534,-0.0526,0.9868,0,-0.1407,10.0911,-0.9671,1]},
{"frame":96,"values":[0.9784,0.0607,0.1976,0,-0.0794,0.9929,0.0882,0,-0.1909,-0.1019,0.9763,0,-0.1407,10.0911,-0.9671,1]},
{"frame":97,"values":[0.9735,0.0883,0.211,0,-0.1168,0.985,0.1267,0,-0.1967,-0.148,0.9692,0,-0.1407,10.0911,-0.9671,1]},
{"frame":98,"values":[0.9778,0.1087,0.1791,0,-0.137,0.9785,0.154,0,-0.1585,-0.1751,0.9717,0,-0.1407,10.0911,-0.9671,1]},
{"frame":99,"values":[0.9818,0.118,0.1486,0,-0.1411,0.9777,0.1556,0,-0.1269,-0.1738,0.9766,0,-0.1407,10.0911,-0.9671,1]},
{"frame":100,"values":[0.9872,0.1023,0.1226,0,-0.119,0.9834,0.1371,0,-0.1065,-0.1499,0.9829,0,-0.1407,10.0911,-0.9671,1]},
{"frame":101,"values":[0.99,0.0862,0.1118,0,-0.0984,0.9892,0.1082,0,-0.1013,-0.1181,0.9878,0,-0.1407,10.0911,-0.9671,1]},
{"frame":102,"values":[0.9936,0.0772,0.0825,0,-0.0869,0.9887,0.122,0,-0.0721,-0.1284,0.9891,0,-0.1407,10.0911,-0.9671,1]},
{"frame":103,"values":[0.9978,0.0601,0.0296,0,-0.0638,0.9867,0.1496,0,-0.0202,-0.1512,0.9883,0,-0.1407,10.0911,-0.9671,1]},
{"frame":104,"values":[0.9991,0.0377,-0.021,0,-0.0341,0.9883,0.1489,0,0.0264,-0.1481,0.9886,0,-0.1407,10.0911,-0.9671,1]},
{"frame":105,"values":[0.9981,0.0082,-0.0609,0,0,0.9909,0.1343,0,0.0614,-0.1341,0.9891,0,-0.1407,10.0911,-0.9671,1]},
{"frame":106,"values":[0.9957,-0.0262,-0.0889,0,0.0369,0.992,0.1204,0,0.0851,-0.1232,0.9887,0,-0.1407,10.0911,-0.9671,1]},
{"frame":107,"values":[0.9949,-0.0489,-0.0882,0,0.0606,0.989,0.1348,0,0.0806,-0.1394,0.9869,0,-0.1407,10.0911,-0.9671,1]},
{"frame":108,"values":[0.9963,-0.0509,-0.0694,0,0.0616,0.9849,0.1617,0,0.0601,-0.1653,0.9844,0,-0.1407,10.0911,-0.9671,1]},
{"frame":109,"values":[0.9975,-0.0517,-0.048,0,0.06,0.9797,0.1913,0,0.0371,-0.1937,0.9804,0,-0.1407,10.0911,-0.9671,1]},
{"frame":110,"values":[0.9976,-0.0612,-0.0332,0,0.0669,0.9745,0.2142,0,0.0193,-0.2159,0.9762,0,-0.1407,10.0911,-0.9671,1]},
{"frame":111,"values":[0.9974,-0.0677,-0.0237,0,0.0713,0.9704,0.2309,0,0.0073,-0.232,0.9727,0,-0.1407,10.0911,-0.9671,1]},
{"frame":112,"values":[0.9973,-0.0709,-0.018,0,0.0732,0.9667,0.2451,0,0,-0.2458,0.9693,0,-0.1407,10.0911,-0.9671,1]},
{"frame":113,"values":[0.9974,-0.0711,-0.0149,0,0.0725,0.9639,0.2563,0,-0.0038,-0.2567,0.9665,0,-0.1407,10.0911,-0.9671,1]},
{"frame":114,"values":[0.9973,-0.0716,-0.0144,0,0.0729,0.9629,0.2596,0,-0.0047,-0.26,0.9656,0,-0.1407,10.0911,-0.9671,1]},
{"frame":121,"values":[0.9901,0.1402,-0.0026,0,-0.1375,0.9747,0.1761,0,0.0272,-0.1741,0.9844,0,-0.1407,10.0911,-0.9671,1]},
{"frame":122,"values":[0.9919,0.0749,-0.1027,0,-0.0544,0.9804,0.1896,0,0.1148,-0.1825,0.9765,0,-0.1407,10.091,-0.9671,1]},
{"frame":123,"values":[0.9843,-0.028,-0.1742,0,0.0566,0.9852,0.1615,0,0.1671,-0.1688,0.9714,0,-0.1407,10.0911,-0.9671,1]},
{"frame":124,"values":[0.9602,-0.165,-0.2254,0,0.1984,0.9709,0.1343,0,0.1967,-0.1736,0.965,0,-0.1407,10.0911,-0.9671,1]},
{"frame":125,"values":[0.9425,-0.1972,-0.2698,0,0.2316,0.9675,0.1018,0,0.241,-0.1584,0.9575,0,-0.1407,10.0911,-0.9671,1]},
{"frame":126,"values":[0.9432,-0.1534,-0.2947,0,0.1841,0.9797,0.0791,0,0.2765,-0.1289,0.9523,0,-0.1407,10.0911,-0.9671,1]},
{"frame":127,"values":[0.9572,-0.1065,-0.2693,0,0.1367,0.9859,0.0961,0,0.2553,-0.1288,0.9582,0,-0.1407,10.0911,-0.9671,1]},
{"frame":128,"values":[0.9838,-0.0403,-0.1746,0,0.0602,0.9921,0.1099,0,0.1688,-0.1186,0.9785,0,-0.1407,10.0911,-0.9671,1]},
{"frame":129,"values":[0.9963,-0.0217,-0.0826,0,0.031,0.9932,0.1119,0,0.0796,-0.1141,0.9903,0,-0.1407,10.091,-0.9671,1]},
{"frame":130,"values":[0.9994,-0.0328,-0.0068,0,0.0334,0.9913,0.127,0,0.0026,-0.1271,0.9919,0,-0.1407,10.0911,-0.9671,1]},
{"frame":131,"values":[0.9964,-0.0606,0.0594,0,0.051,0.9873,0.1506,0,-0.0677,-0.147,0.9868,0,-0.1407,10.0911,-0.9671,1]},
{"frame":132,"values":[0.9909,-0.0194,0.1334,0,-0.0025,0.9868,0.1622,0,-0.1348,-0.161,0.9777,0,-0.1407,10.091,-0.9671,1]},
{"frame":133,"values":[0.9758,0.0301,0.2165,0,-0.0665,0.9843,0.1632,0,-0.2082,-0.1737,0.9625,0,-0.1407,10.0911,-0.9671,1]},
{"frame":134,"values":[0.9604,0.0639,0.2711,0,-0.1077,0.9828,0.1501,0,-0.2568,-0.1734,0.9508,0,-0.1407,10.0911,-0.9671,1]},
{"frame":135,"values":[0.9337,0.1005,0.3436,0,-0.1546,0.9789,0.1337,0,-0.3229,-0.1779,0.9296,0,-0.1407,10.0911,-0.9671,1]},
{"frame":136,"values":[0.914,0.0316,0.4046,0,-0.0889,0.9883,0.1237,0,-0.396,-0.149,0.9061,0,-0.1407,10.0911,-0.9671,1]},
{"frame":137,"values":[0.905,-0.0951,0.4145,0,0.047,0.9911,0.1249,0,-0.4227,-0.0936,0.9014,0,-0.1407,10.091,-0.9671,1]},
{"frame":138,"values":[0.9202,-0.0991,0.3786,0,0.0452,0.9878,0.1489,0,-0.3887,-0.1199,0.9135,0,-0.1407,10.091,-0.9671,1]},
{"frame":139,"values":[0.9496,-0.0552,0.3087,0,0.0033,0.9861,0.166,0,-0.3135,-0.1566,0.9366,0,-0.1407,10.0911,-0.9671,1]},
{"frame":140,"values":[0.9757,0.0501,0.2133,0,-0.0875,0.9816,0.1698,0,-0.2008,-0.1843,0.9621,0,-0.1407,10.0911,-0.9671,1]},
{"frame":141,"values":[0.9851,0.1261,0.1168,0,-0.1448,0.9751,0.1678,0,-0.0927,-0.1822,0.9789,0,-0.1407,10.0911,-0.9671,1]},
{"frame":142,"values":[0.9901,0.1402,-0.0026,0,-0.1375,0.9747,0.1761,0,0.0272,-0.1741,0.9844,0,-0.1407,10.0911,-0.9671,1]},
{"frame":151,"values":[1,0,0,0,0,1,0,0,0,0,1,0,-0.1407,10.0911,-0.9671,1]},
{"frame":152,"values":[1,0,0,0,0,1,0,0,0,0,1,0,-0.1407,10.0911,-0.9671,1]}],"loopBehavior":1,"name":"anim","property":"_matrix"}},
{"name":"Spine1","index":2,"matrix":[1,0,0,0,0,1,0,0,0,0,1,0,-0.1658,11.7729,-1.1283,1],"rest":[1,0,0,0,0,1,0,0,0,0,1,0,-0.1658,11.7729,-1.1283,1],"parentBoneIndex":1,"length":13.5177
,"animation":{"dataType":3,"framePerSecond":30,"keys":[
{"frame":1,"values":[0.9862,-0.0205,-0.1644,0,0.0531,0.9791,0.1965,0,0.1569,-0.2026,0.9666,0,-0.1658,11.7729,-1.1283,1]},
{"frame":2,"values":[0.9862,-0.0205,-0.1644,0,0.0531,0.9791,0.1964,0,0.1569,-0.2025,0.9666,0,-0.1658,11.7729,-1.1283,1]},
{"frame":3,"values":[0.9862,-0.0204,-0.1644,0,0.053,0.9791,0.1962,0,0.1569,-0.2022,0.9667,0,-0.1658,11.7729,-1.1283,1]},
{"frame":4,"values":[0.9862,-0.0204,-0.1643,0,0.0529,0.9792,0.1959,0,0.1569,-0.2019,0.9668,0,-0.1658,11.7729,-1.1283,1]},
{"frame":5,"values":[0.9862,-0.0203,-0.164,0,0.0526,0.9793,0.1955,0,0.1567,-0.2014,0.9669,0,-0.1658,11.7729,-1.1283,1]},
{"frame":6,"values":[0.9863,-0.0201,-0.1635,0,0.0522,0.9794,0.195,0,0.1562,-0.2009,0.9671,0,-0.1658,11.7729,-1.1283,1]},
{"frame":7,"values":[0.9864,-0.0199,-0.1629,0,0.0518,0.9795,0.1944,0,0.1557,-0.2002,0.9673,0,-0.1658,11.7729,-1.1283,1]},
{"frame":8,"values":[0.9865,-0.0197,-0.1626,0,0.0515,0.9797,0.1937,0,0.1555,-0.1995,0.9675,0,-0.1658,11.7729,-1.1283,1]},
{"frame":9,"values":[0.9865,-0.0196,-0.1625,0,0.0512,0.9799,0.1929,0,0.1555,-0.1987,0.9677,0,-0.1658,11.7729,-1.1283,1]},
{"frame":10,"values":[0.9865,-0.0195,-0.1626,0,0.051,0.9801,0.192,0,0.1557,-0.1977,0.9678,0,-0.1658,11.7729,-1.1283,1]},
{"frame":11,"values":[0.9865,-0.0194,-0.1628,0,0.0508,0.9803,0.191,0,0.1559,-0.1967,0.968,0,-0.1658,11.7729,-1.1283,1]},
{"frame":12,"values":[0.9864,-0.0193,-0.163,0,0.0506,0.9805,0.19,0,0.1562,-0.1957,0.9681,0,-0.1658,11.7729,-1.1283,1]},
{"frame":13,"values":[0.9864,-0.0191,-0.1631,0,0.0503,0.9806,0.1892,0,0.1564,-0.1948,0.9683,0,-0.1658,11.7729,-1.1283,1]},
{"frame":14,"values":[0.9864,-0.0189,-0.163,0,0.05,0.9808,0.1884,0,0.1563,-0.194,0.9685,0,-0.1658,11.7729,-1.1283,1]},
{"frame":15,"values":[0.9865,-0.0187,-0.1627,0,0.0496,0.981,0.1877,0,0.1561,-0.1932,0.9687,0,-0.1658,11.7729,-1.1283,1]},
{"frame":16,"values":[0.9866,-0.0185,-0.1623,0,0.0491,0.9812,0.1868,0,0.1558,-0.1923,0.9689,0,-0.1658,11.7729,-1.1283,1]},
{"frame":17,"values":[0.9866,-0.0183,-0.1622,0,0.0488,0.9814,0.1859,0,0.1558,-0.1913,0.9691,0,-0.1658,11.7729,-1.1283,1]},
{"frame":18,"values":[0.9866,-0.0181,-0.1623,0,0.0485,0.9815,0.185,0,0.156,-0.1904,0.9692,0,-0.1658,11.7729,-1.1283,1]},
{"frame":19,"values":[0.9865,-0.018,-0.1625,0,0.0483,0.9817,0.1841,0,0.1563,-0.1895,0.9694,0,-0.1658,11.7729,-1.1283,1]},
{"frame":20,"values":[0.9865,-0.0179,-0.1627,0,0.0481,0.9819,0.1834,0,0.1564,-0.1887,0.9695,0,-0.1658,11.7729,-1.1283,1]},
{"frame":21,"values":[0.9865,-0.0178,-0.1626,0,0.0478,0.982,0.1827,0,0.1565,-0.188,0.9696,0,-0.1658,11.7729,-1.1283,1]},
{"frame":22,"values":[0.9865,-0.0177,-0.1625,0,0.0476,0.9821,0.182,0,0.1564,-0.1873,0.9698,0,-0.1658,11.7729,-1.1283,1]},
{"frame":23,"values":[0.9866,-0.0177,-0.1624,0,0.0474,0.9823,0.1814,0,0.1563,-0.1867,0.9699,0,-0.1658,11.7729,-1.1283,1]},
{"frame":24,"values":[0.9866,-0.0176,-0.1623,0,0.0473,0.9824,0.1808,0,0.1563,-0.1861,0.97,0,-0.1658,11.7729,-1.1283,1]},
{"frame":25,"values":[0.9866,-0.0176,-0.1624,0,0.0472,0.9825,0.1803,0,0.1563,-0.1856,0.9701,0,-0.1658,11.7729,-1.1283,1]},
{"frame":26,"values":[0.9866,-0.0176,-0.1624,0,0.0472,0.9825,0.18,0,0.1564,-0.1853,0.9702,0,-0.1658,11.7729,-1.1283,1]},
{"frame":27,"values":[0.9865,-0.0177,-0.1625,0,0.0472,0.9825,0.1799,0,0.1565,-0.1852,0.9702,0,-0.1658,11.7729,-1.1283,1]},
{"frame":28,"values":[0.9865,-0.0178,-0.1626,0,0.0474,0.9825,0.1801,0,0.1566,-0.1853,0.9701,0,-0.1658,11.7729,-1.1283,1]},
{"frame":29,"values":[0.9865,-0.0179,-0.1627,0,0.0476,0.9824,0.1804,0,0.1566,-0.1857,0.97,0,-0.1658,11.7729,-1.1283,1]},
{"frame":30,"values":[0.9865,-0.018,-0.1628,0,0.0478,0.9823,0.1809,0,0.1567,-0.1863,0.9699,0,-0.1658,11.7729,-1.1283,1]},
{"frame":31,"values":[0.9865,-0.0181,-0.1629,0,0.048,0.9822,0.1814,0,0.1567,-0.1868,0.9698,0,-0.1658,11.7729,-1.1283,1]},
{"frame":32,"values":[0.9865,-0.0182,-0.1629,0,0.0482,0.9821,0.1821,0,0.1567,-0.1875,0.9697,0,-0.1658,11.7729,-1.1283,1]},
{"frame":33,"values":[0.9865,-0.0183,-0.1628,0,0.0484,0.9819,0.1829,0,0.1566,-0.1883,0.9695,0,-0.1658,11.7729,-1.1283,1]},
{"frame":34,"values":[0.9865,-0.0183,-0.1627,0,0.0485,0.9818,0.1838,0,0.1564,-0.1892,0.9694,0,-0.1658,11.7729,-1.1283,1]},
{"frame":35,"values":[0.9865,-0.0184,-0.1627,0,0.0487,0.9816,0.1845,0,0.1563,-0.1899,0.9693,0,-0.1658,11.7729,-1.1283,1]},
{"frame":36,"values":[0.9865,-0.0185,-0.1628,0,0.0489,0.9815,0.1852,0,0.1563,-0.1906,0.9691,0,-0.1658,11.7729,-1.1283,1]},
{"frame":37,"values":[0.9865,-0.0186,-0.1629,0,0.0492,0.9814,0.1858,0,0.1564,-0.1913,0.969,0,-0.1658,11.7729,-1.1283,1]},
{"frame":38,"values":[0.9864,-0.0187,-0.1631,0,0.0494,0.9812,0.1864,0,0.1565,-0.1919,0.9689,0,-0.1658,11.7729,-1.1283,1]},
{"frame":39,"values":[0.9864,-0.0188,-0.1631,0,0.0496,0.9811,0.1871,0,0.1565,-0.1927,0.9687,0,-0.1658,11.7729,-1.1283,1]},
{"frame":40,"values":[0.9864,-0.0188,-0.163,0,0.0497,0.9809,0.1879,0,0.1564,-0.1934,0.9686,0,-0.1658,11.7729,-1.1283,1]},
{"frame":41,"values":[0.9865,-0.0188,-0.163,0,0.0499,0.9808,0.1886,0,0.1563,-0.1942,0.9684,0,-0.1658,11.7729,-1.1283,1]},
{"frame":42,"values":[0.9865,-0.0189,-0.1629,0,0.0501,0.9807,0.1892,0,0.1562,-0.1948,0.9683,0,-0.1658,11.7729,-1.1283,1]},
{"frame":43,"values":[0.9864,-0.0191,-0.163,0,0.0503,0.9806,0.1896,0,0.1563,-0.1953,0.9682,0,-0.1658,11.7729,-1.1283,1]},
{"frame":44,"values":[0.9864,-0.0192,-0.1633,0,0.0506,0.9805,0.1901,0,0.1564,-0.1958,0.9681,0,-0.1658,11.7729,-1.1283,1]},
{"frame":45,"values":[0.9863,-0.0194,-0.1635,0,0.0509,0.9803,0.1907,0,0.1566,-0.1964,0.9679,0,-0.1658,11.7729,-1.1283,1]},
{"frame":46,"values":[0.9863,-0.0195,-0.1638,0,0.0512,0.9802,0.1912,0,0.1568,-0.197,0.9678,0,-0.1658,11.7729,-1.1283,1]},
{"frame":47,"values":[0.9863,-0.0197,-0.1639,0,0.0514,0.9801,0.1919,0,0.1569,-0.1977,0.9676,0,-0.1658,11.7729,-1.1283,1]},
{"frame":48,"values":[0.9863,-0.0198,-0.164,0,0.0517,0.9799,0.1925,0,0.1569,-0.1983,0.9675,0,-0.1658,11.7729,-1.1283,1]},
{"frame":49,"values":[0.9862,-0.0199,-0.1641,0,0.0519,0.9798,0.1931,0,0.1569,-0.1989,0.9674,0,-0.1658,11.7729,-1.1283,1]},
{"frame":50,"values":[0.9862,-0.0199,-0.1641,0,0.052,0.9797,0.1936,0,0.1569,-0.1995,0.9673,0,-0.1658,11.7729,-1.1283,1]},
{"frame":51,"values":[0.9862,-0.02,-0.1641,0,0.0522,0.9796,0.1941,0,0.1569,-0.2,0.9672,0,-0.1658,11.7729,-1.1283,1]},
{"frame":52,"values":[0.9862,-0.0201,-0.1641,0,0.0523,0.9795,0.1946,0,0.1569,-0.2005,0.967,0,-0.1658,11.7729,-1.1283,1]},
{"frame":53,"values":[0.9862,-0.0201,-0.1642,0,0.0524,0.9794,0.195,0,0.1569,-0.201,0.9669,0,-0.1658,11.7729,-1.1283,1]},
{"frame":54,"values":[0.9862,-0.0201,-0.1643,0,0.0525,0.9793,0.1954,0,0.157,-0.2013,0.9669,0,-0.1658,11.7729,-1.1283,1]},
{"frame":55,"values":[0.9862,-0.0201,-0.1644,0,0.0526,0.9793,0.1957,0,0.1571,-0.2017,0.9668,0,-0.1658,11.7729,-1.1283,1]},
{"frame":56,"values":[0.9862,-0.0201,-0.1644,0,0.0526,0.9792,0.196,0,0.1571,-0.202,0.9667,0,-0.1658,11.7729,-1.1283,1]},
{"frame":57,"values":[0.9862,-0.0202,-0.1644,0,0.0527,0.9791,0.1962,0,0.157,-0.2022,0.9667,0,-0.1658,11.7729,-1.1283,1]},
